000142
000302
000306
000037
000116
000050
000067
000022
000083
000032
000018
000114
000087
000039
000041
000085
000144
000064
000069
000139
000038
000014
000043
000073
000070
000071
000099
000017
000009
000053
000122
000042
000100
000103
000138
000147
000019
000054
000011
000051
000015
000110
000082
000004
000295
000107
000086
000060
000063
000088
000301
000035
000309
000049
000001
000079
000120
000068
000059
000109
000126
000081
000056
000112
000005
000036
000021
000095
000304
000008
000055
000072
000297
000074
000040
000115
000091
000308
000134
000135
000025
000132
000077
000026
000089
000111
000065
000062
000010
000020
000108
000146
000140
000101
000131
000129
000007
000027
000143
000045
000052
000141
000137
000125
000028
000105
000128
000003
000031
000023
000121
000044
000024
000076
000048